Hips|?|-0.000 -0.390 24.566|-0.70711 0.00000 -0.00000 0.70711|-0.000 -0.390 24.566|-0.70711 0.00000 -0.00000 0.70711
Spine|?|-0.000 0.312 26.716|0.80944 -0.00000 0.00000 -0.58720|0.000 -2.150 0.702|0.15715 0.00000 0.00000 -0.98757
Spine1|?|-0.000 1.131 29.224|-0.80944 0.00000 -0.00000 0.58720|0.000 -2.639 0.000|0.00000 -0.00000 -0.00000 -1.00000
Spine2|?|-0.000 2.067 32.091|0.80944 -0.00000 0.00000 -0.58720|0.000 -3.016 -0.000|0.00000 -0.00000 -0.00000 -1.00000
Neck|?|-0.000 3.120 35.316|-0.70711 0.00000 -0.00000 0.70711|0.000 -3.393 -0.000|-0.15715 -0.00000 0.00000 -0.98757
Head|?|-0.000 4.197 38.034|0.70711 -0.00000 0.00000 -0.70711|0.000 -2.718 1.078|0.00000 0.00000 0.00000 -1.00000
HeadTop_End|?|-0.000 10.137 52.645|-0.70711 0.00000 -0.00000 0.70711|-0.000 -14.611 5.940|0.00000 -0.00000 0.00000 -1.00000
LeftShoulder|?|2.062 3.121 34.733|-0.70710 0.67492 -0.01780 -0.21020|2.062 -2.839 0.182|0.58535 -0.41072 -0.53586 -0.44893
LeftArm|?|6.185 3.124 33.562|0.66629 -0.72323 0.08877 0.15849|-0.000 -4.287 0.000|-0.07503 -0.00585 -0.07755 -0.99414
LeftForeArm|?|15.443 2.224 32.789|-0.66149 0.72620 -0.16182 -0.09423|0.000 -9.333 0.000|-0.09462 -0.00216 -0.02273 -0.99525
LeftHand|?|27.647 1.332 34.148|0.70497 -0.60689 -0.35587 -0.08971|-0.000 -12.312 -0.000|0.23086 0.47182 0.12952 -0.84102
LeftHandIndex1|?|28.738 1.625 33.786|-0.69731 0.63386 0.28891 0.16884|-0.000 -1.186 0.000|-0.10670 0.00113 0.01051 -0.99424
LeftHandIndex2|?|30.332 1.851 33.573|0.69731 -0.63386 -0.28891 -0.16884|0.000 -1.624 -0.000|0.00000 0.00000 0.00000 -1.00000
LeftHandIndex3|?|32.633 2.262 33.061|-0.69731 0.63386 0.28891 0.16884|0.061 -2.384 0.210|-0.00000 -0.00000 0.00000 -1.00000
LeftHandIndex4|?|34.697 3.387 33.831|0.73191 -0.58891 -0.30203 -0.16208|-1.299 -2.082 -0.311|0.03185 0.00246 0.04911 -0.99828
RightShoulder|?|-2.062 3.119 34.733|-0.70667 -0.67536 0.01768 -0.21022|-2.062 -2.839 0.180|0.58512 0.41088 0.53629 -0.44857
RightArm|?|-6.185 3.116 33.562|0.66582 0.72366 -0.08868 0.15855|0.000 -4.287 0.000|-0.07503 0.00585 0.07756 -0.99414
RightForeArm|?|-15.443 2.205 32.789|-0.66205 -0.72571 0.16185 -0.09405|-0.000 -9.334 0.000|-0.09511 0.00205 0.02142 -0.99523
RightHand|?|-27.647 1.331 34.148|0.70295 0.59370 0.36941 -0.13006|-0.000 -12.311 -0.000|0.21195 -0.50856 -0.13078 -0.82422
RightHandIndex1|?|-28.736 1.636 33.849|-0.68338 -0.62971 -0.32336 0.17859|-0.000 -1.170 0.000|-0.07730 0.00101 0.01302 -0.99692
RightHandIndex2|?|-30.314 1.867 33.585|0.68338 0.62971 0.32336 -0.17859|0.000 -1.616 -0.000|-0.00000 -0.00000 -0.00000 -1.00000
RightHandIndex3|?|-32.627 2.296 33.069|-0.68338 -0.62971 -0.32336 0.17859|-0.020 -2.404 0.152|-0.00000 0.00000 0.00000 -1.00000
RightHandIndex4|?|-34.902 3.379 33.831|0.67052 0.64294 0.30644 -0.20767|1.320 -2.251 -0.342|-0.03710 -0.00854 0.00472 -0.99926
LeftUpLeg|?|3.089 -0.293 23.376|-0.00297 0.70893 0.70527 0.00295|3.089 1.190 0.097|-0.00001 0.00259 0.99999 0.00419
LeftLeg|?|3.175 -0.347 13.013|0.02709 -0.71581 -0.69723 -0.02752|0.000 -10.363 -0.000|-0.01055 0.00036 0.03443 -0.99935
LeftFoot|?|3.887 -0.589 3.821|-0.06948 0.26521 0.95375 -0.12329|0.000 -9.223 0.000|0.50304 -0.11816 -0.06966 -0.85331
LeftToeBase|?|2.359 5.798 -0.209|-0.02268 -0.01395 -0.99435 0.10274|-0.000 -7.706 0.000|0.26034 0.06519 0.01762 -0.96315
LeftToe_End|?|0.831 9.200 0.000|0.02268 0.01395 0.99435 -0.10274|0.811 -3.637 0.255|0.00000 -0.00000 0.00000 -1.00000
RightUpLeg|?|-3.089 -0.267 23.376|0.00297 0.70982 0.70438 -0.00295|-3.089 1.190 0.123|0.00002 0.00385 0.99998 -0.00419
RightLeg|?|-3.175 -0.347 13.013|-0.02741 -0.70920 -0.70395 0.02720|0.000 -10.363 -0.000|0.00014 0.00000 -0.03443 -0.99941
RightFoot|?|-3.887 -0.415 3.821|0.07219 0.26446 0.95368 0.12385|-0.000 -9.220 0.000|0.49554 0.11970 0.06918 -0.85751
RightToeBase|?|-2.359 5.985 -0.209|0.02521 -0.01398 -0.99447 -0.10104|0.000 -7.717 0.000|0.26008 -0.07085 -0.01914 -0.96279
RightToe_End|?|-0.831 9.272 -0.000|-0.02521 0.01398 0.99447 0.10104|-0.848 -3.522 0.245|0.00000 0.00000 -0.00000 -1.00000
