BONES Hips,Spine,Spine1,Spine2,Neck,Head,HeadTop_End,LeftShoulder,LeftArm,LeftForeArm,LeftHand,LeftHandIndex1,LeftHandIndex2,LeftHandIndex3,LeftHandIndex4,RightShoulder,RightArm,RightForeArm,RightHand,RightHandIndex1,RightHandIndex2,RightHandIndex3,RightHandIndex4,LeftUpLeg,LeftLeg,LeftFoot,LeftToeBase,LeftToe_End,RightUpLeg,RightLeg,RightFoot,RightToeBase,RightToe_End
CLIP Walking len=0.967 frames=57 bones=Hips,LeftFoot,LeftToeBase,RightFoot,RightToeBase
0.00 0.02 -0.13 24.44 3.41 -2.95 7.45 2.86 -0.44 0.18 -0.93 -0.01 4.12 0.11 6.49 0.08
0.05 0.14 -0.24 24.48 3.44 0.20 6.07 2.88 4.96 0.03 -0.97 -1.98 4.22 0.12 4.44 0.07
0.10 0.29 -0.30 24.29 3.39 3.67 5.08 2.67 10.02 0.77 -0.99 -4.02 4.24 0.15 2.38 0.08
0.15 0.44 -0.21 23.98 3.28 6.70 4.96 2.30 14.02 2.76 -1.00 -5.99 4.36 0.05 0.34 0.07
0.20 0.59 0.01 23.59 3.08 8.43 5.15 1.89 16.02 4.52 -1.00 -7.79 4.71 0.04 -1.71 0.08
0.25 0.74 0.20 23.36 2.98 8.36 5.04 1.65 15.85 3.79 -1.05 -9.26 5.45 -0.20 -3.79 0.06
0.30 0.90 0.46 23.41 2.84 7.59 4.53 1.55 14.54 1.46 -1.38 -9.81 6.73 -0.70 -5.96 0.08
0.35 1.13 0.62 23.52 2.92 6.17 4.15 1.49 12.59 0.15 -2.18 -8.57 7.42 -0.54 -8.46 -0.12
0.40 1.32 0.61 23.82 2.88 4.12 4.14 1.49 10.55 0.12 -2.47 -6.46 7.52 -0.84 -7.62 0.06
0.45 1.38 0.48 24.21 2.90 2.11 4.13 1.43 8.49 0.07 -2.33 -4.11 7.76 -1.71 -3.29 0.11
0.50 1.33 0.29 24.46 2.92 0.12 4.23 1.39 6.43 0.08 -2.21 -1.44 6.96 -1.80 2.11 0.12
0.55 1.19 0.15 24.49 2.95 -1.86 4.31 1.38 4.38 0.07 -2.22 2.54 5.52 -1.79 7.95 0.04
0.60 1.01 0.10 24.36 2.99 -3.80 4.46 1.27 2.30 0.08 -2.17 6.99 5.36 -1.38 13.94 2.11
0.65 0.84 0.24 23.93 3.00 -5.67 4.70 1.31 0.25 0.07 -1.91 9.09 5.48 -0.86 16.68 4.53
0.70 0.68 0.34 23.50 2.98 -7.34 5.21 1.39 -1.81 0.08 -1.35 8.77 5.43 -0.08 16.38 5.20
0.75 0.52 0.46 23.46 3.06 -8.50 6.16 1.59 -4.02 0.06 -1.07 7.73 4.97 0.26 15.05 2.92
0.80 0.32 0.61 23.46 3.23 -8.67 7.37 1.73 -6.55 0.12 -0.92 6.88 4.19 0.13 13.33 0.08
0.85 0.14 0.50 23.54 3.75 -7.31 7.50 1.66 -8.18 0.14 -1.02 4.79 4.14 0.23 11.27 0.13
0.90 0.02 0.28 23.94 3.69 -5.69 7.72 2.46 -6.40 0.15 -0.98 2.73 4.14 0.16 9.22 0.12
0.95 0.00 -0.02 24.34 3.42 -3.67 7.65 2.94 -1.98 0.14 -0.92 0.68 4.10 0.10 7.18 0.07
CLIP Drunk_Run_Forward len=1.300 frames=77 bones=Hips,LeftFoot,LeftToeBase,RightFoot,RightToeBase
0.00 0.06 -0.07 21.00 2.79 -3.05 8.93 1.53 -5.78 1.83 -1.78 -6.22 4.48 -2.94 0.01 0.08
0.05 -0.24 -0.75 22.15 2.27 -0.69 9.26 -0.20 -0.42 1.96 -2.03 -10.37 4.86 -2.73 -4.45 -0.04
0.10 -0.68 -0.95 22.79 1.48 2.15 8.27 -1.16 5.95 2.10 -2.80 -13.38 6.77 -2.82 -9.41 0.15
0.15 -0.85 -1.18 22.62 1.02 4.68 5.97 -1.12 10.92 1.99 -3.93 -15.34 8.29 -2.75 -15.38 0.67
0.20 -0.99 -1.12 22.02 -0.15 3.28 4.39 -0.22 9.94 0.52 -3.71 -15.37 10.96 -3.69 -19.15 4.23
0.25 -1.03 -1.70 21.63 -0.35 -1.11 4.25 -0.21 5.45 0.21 -4.84 -11.00 12.13 -3.08 -16.25 6.75
0.30 -1.24 -2.10 22.02 -0.45 -5.43 4.39 -0.21 0.96 0.08 -4.95 -5.27 12.81 -4.38 -9.89 6.66
0.35 -1.54 -1.65 22.83 -0.31 -9.57 4.74 -0.11 -3.52 -0.03 -5.20 -1.03 12.15 -4.67 -0.91 4.46
0.40 -1.79 -1.00 23.34 -0.16 -12.88 6.15 -0.42 -8.10 0.11 -5.01 3.51 10.32 -3.45 7.97 4.22
0.45 -1.94 -0.17 23.06 -0.16 -15.64 9.62 -0.83 -13.88 2.15 -4.94 7.62 7.61 -3.81 14.62 4.56
0.50 -2.02 0.91 21.78 -0.38 -15.41 11.69 -2.26 -17.71 4.58 -4.91 9.85 4.77 -4.59 16.86 1.56
0.55 -2.30 0.84 20.54 -0.25 -12.30 12.48 -2.03 -17.68 7.26 -4.61 6.31 4.30 -4.95 12.73 0.02
0.60 -2.53 0.39 20.15 -0.74 -7.45 11.40 -0.95 -13.94 7.26 -4.61 2.12 4.71 -5.07 8.28 0.08
0.65 -2.56 0.11 21.00 -0.36 -2.65 9.41 -1.26 -5.93 2.50 -4.72 -2.08 4.98 -5.26 3.80 0.02
0.70 -2.46 0.28 22.08 -0.28 3.20 7.70 -1.65 6.06 0.67 -4.78 -6.28 5.42 -5.35 -0.74 0.08
0.75 -2.43 1.24 22.17 -0.07 9.38 5.85 -2.32 16.10 2.81 -4.83 -10.17 5.97 -5.48 -5.38 -0.04
0.80 -2.48 2.68 21.22 -0.91 12.62 4.65 -3.05 19.37 1.62 -4.97 -12.10 7.47 -5.65 -9.40 0.27
0.85 -2.21 2.85 20.59 -1.18 9.78 4.01 -2.74 16.15 -0.03 -5.34 -10.77 8.25 -6.38 -12.00 0.71
0.90 -1.92 2.24 20.93 -1.20 5.30 4.12 -2.73 11.69 0.08 -5.99 -6.59 9.00 -6.51 -9.36 1.82
0.95 -1.50 1.57 22.22 -1.18 0.85 4.07 -2.65 7.24 0.02 -6.13 -2.16 8.79 -5.93 -2.91 1.11
1.00 -1.03 1.28 23.44 -1.12 -3.62 4.27 -2.68 2.73 0.20 -5.75 1.58 8.14 -4.54 3.76 0.83
1.05 -0.68 1.20 23.69 -1.20 -7.67 5.10 -2.93 -2.10 0.06 -4.98 4.56 6.99 -3.11 9.44 1.31
1.10 -0.40 0.99 22.98 -0.63 -11.24 7.12 -2.57 -8.21 0.31 -3.75 6.80 5.73 -2.36 13.28 1.78
1.15 -0.17 1.07 21.79 0.97 -12.84 7.61 -1.36 -14.57 0.47 -2.19 6.46 4.35 -2.52 13.13 0.48
1.20 -0.14 1.01 20.76 2.16 -12.56 8.40 0.17 -17.30 2.65 -1.79 2.52 4.16 -2.75 9.00 0.08
1.25 -0.14 0.39 20.55 2.71 -8.24 8.77 0.76 -13.26 3.26 -1.74 -1.90 4.19 -2.83 4.50 0.03
CLIP Old_Man_Idle len=12.167 frames=730 bones=Hips,LeftFoot,LeftToeBase,RightFoot,RightToeBase
0.00 0.00 -2.49 23.82 5.14 0.34 4.19 6.93 6.64 0.12 -4.87 -0.20 4.23 -7.68 5.84 0.33
0.05 -0.01 -2.54 23.81 5.13 0.35 4.19 6.93 6.64 0.12 -4.87 -0.20 4.23 -7.68 5.84 0.33
0.10 -0.03 -2.58 23.80 5.13 0.35 4.19 6.93 6.64 0.12 -4.87 -0.20 4.22 -7.68 5.84 0.33
0.15 -0.05 -2.63 23.79 5.13 0.35 4.19 6.93 6.64 0.12 -4.87 -0.20 4.22 -7.68 5.84 0.34
0.20 -0.06 -2.68 23.78 5.13 0.35 4.19 6.93 6.64 0.12 -4.86 -0.20 4.22 -7.68 5.84 0.34
0.25 -0.08 -2.71 23.78 5.14 0.35 4.19 6.93 6.64 0.12 -4.86 -0.20 4.22 -7.68 5.84 0.34
0.30 -0.11 -2.71 23.78 5.14 0.34 4.19 6.93 6.64 0.12 -4.86 -0.20 4.22 -7.68 5.84 0.34
0.35 -0.13 -2.68 23.80 5.14 0.34 4.19 6.93 6.64 0.12 -4.86 -0.21 4.23 -7.67 5.84 0.35
0.40 -0.15 -2.67 23.80 5.14 0.34 4.19 6.93 6.64 0.12 -4.87 -0.21 4.23 -7.67 5.85 0.35
0.45 -0.16 -2.66 23.81 5.13 0.35 4.19 6.93 6.64 0.12 -4.87 -0.21 4.23 -7.67 5.85 0.36
0.50 -0.17 -2.66 23.81 5.13 0.35 4.19 6.94 6.64 0.12 -4.87 -0.21 4.23 -7.67 5.85 0.36
0.55 -0.18 -2.66 23.82 5.13 0.34 4.18 6.94 6.64 0.12 -4.87 -0.21 4.23 -7.67 5.85 0.36
0.60 -0.19 -2.67 23.83 5.14 0.34 4.18 6.94 6.64 0.12 -4.86 -0.21 4.23 -7.67 5.84 0.35
0.65 -0.20 -2.66 23.82 5.14 0.34 4.18 6.94 6.64 0.12 -4.87 -0.20 4.23 -7.68 5.84 0.34
0.70 -0.22 -2.66 23.82 5.14 0.34 4.18 6.94 6.64 0.12 -4.87 -0.20 4.22 -7.68 5.84 0.34
0.75 -0.22 -2.64 23.83 5.15 0.33 4.17 6.94 6.64 0.11 -4.87 -0.20 4.22 -7.68 5.84 0.34
0.80 -0.22 -2.61 23.84 5.16 0.33 4.16 6.94 6.64 0.11 -4.86 -0.20 4.22 -7.68 5.84 0.34
0.85 -0.23 -2.59 23.85 5.16 0.33 4.16 6.94 6.64 0.11 -4.86 -0.20 4.22 -7.68 5.84 0.35
0.90 -0.24 -2.57 23.86 5.16 0.33 4.17 6.93 6.64 0.11 -4.85 -0.20 4.22 -7.68 5.84 0.35
0.95 -0.26 -2.55 23.86 5.16 0.34 4.17 6.93 6.64 0.11 -4.85 -0.20 4.22 -7.68 5.84 0.35
1.00 -0.27 -2.53 23.87 5.15 0.34 4.17 6.93 6.64 0.11 -4.86 -0.20 4.22 -7.68 5.84 0.35
1.05 -0.28 -2.51 23.87 5.15 0.34 4.18 6.93 6.64 0.12 -4.86 -0.20 4.23 -7.68 5.84 0.35
1.10 -0.29 -2.49 23.88 5.15 0.34 4.18 6.93 6.64 0.12 -4.86 -0.20 4.23 -7.68 5.84 0.35
1.15 -0.30 -2.47 23.88 5.14 0.34 4.18 6.93 6.64 0.12 -4.87 -0.20 4.23 -7.68 5.84 0.34
1.20 -0.32 -2.45 23.87 5.14 0.34 4.19 6.93 6.64 0.12 -4.87 -0.20 4.23 -7.68 5.84 0.34
1.25 -0.34 -2.43 23.87 5.14 0.35 4.19 6.93 6.64 0.12 -4.87 -0.20 4.23 -7.68 5.84 0.33
1.30 -0.35 -2.41 23.87 5.13 0.35 4.19 6.92 6.64 0.12 -4.88 -0.20 4.22 -7.68 5.84 0.33
1.35 -0.36 -2.39 23.88 5.13 0.35 4.19 6.92 6.64 0.12 -4.88 -0.20 4.22 -7.68 5.84 0.33
1.40 -0.37 -2.38 23.88 5.13 0.35 4.20 6.92 6.64 0.13 -4.88 -0.20 4.22 -7.68 5.84 0.32
1.45 -0.38 -2.36 23.88 5.13 0.35 4.20 6.92 6.64 0.13 -4.89 -0.20 4.22 -7.68 5.84 0.32
1.50 -0.38 -2.35 23.88 5.13 0.35 4.21 6.90 6.65 0.13 -4.89 -0.20 4.22 -7.68 5.84 0.32
1.55 -0.39 -2.33 23.88 5.12 0.36 4.21 6.90 6.65 0.14 -4.89 -0.20 4.22 -7.68 5.84 0.31
1.60 -0.41 -2.32 23.88 5.12 0.36 4.21 6.90 6.65 0.14 -4.89 -0.20 4.22 -7.68 5.84 0.31
1.65 -0.44 -2.31 23.89 5.12 0.36 4.22 6.90 6.65 0.14 -4.90 -0.20 4.22 -7.69 5.84 0.30
1.70 -0.46 -2.30 23.89 5.12 0.36 4.22 6.90 6.65 0.14 -4.90 -0.20 4.22 -7.69 5.84 0.30
1.75 -0.48 -2.28 23.89 5.12 0.36 4.22 6.90 6.65 0.14 -4.91 -0.20 4.22 -7.69 5.84 0.29
1.80 -0.50 -2.26 23.89 5.12 0.36 4.22 6.90 6.65 0.14 -4.91 -0.20 4.22 -7.69 5.84 0.29
1.85 -0.52 -2.24 23.89 5.12 0.36 4.22 6.90 6.65 0.14 -4.91 -0.19 4.22 -7.69 5.84 0.29
1.90 -0.53 -2.22 23.89 5.12 0.36 4.22 6.90 6.65 0.14 -4.91 -0.19 4.22 -7.69 5.84 0.28
1.95 -0.54 -2.21 23.90 5.11 0.36 4.22 6.90 6.65 0.14 -4.91 -0.19 4.22 -7.69 5.84 0.28
2.00 -0.54 -2.19 23.90 5.11 0.36 4.23 6.90 6.65 0.14 -4.91 -0.19 4.22 -7.69 5.84 0.28
2.05 -0.53 -2.17 23.91 5.11 0.36 4.23 6.90 6.65 0.14 -4.91 -0.19 4.22 -7.69 5.84 0.28
2.10 -0.52 -2.14 23.91 5.11 0.36 4.23 6.90 6.65 0.14 -4.91 -0.19 4.21 -7.69 5.84 0.28
2.15 -0.51 -2.11 23.92 5.11 0.37 4.23 6.90 6.65 0.14 -4.91 -0.19 4.21 -7.69 5.84 0.27
2.20 -0.50 -2.08 23.93 5.10 0.37 4.23 6.90 6.65 0.15 -4.91 -0.19 4.21 -7.69 5.84 0.27
2.25 -0.49 -2.05 23.94 5.10 0.37 4.23 6.90 6.65 0.15 -4.91 -0.19 4.21 -7.69 5.84 0.27
2.30 -0.48 -2.02 23.95 5.10 0.37 4.23 6.90 6.65 0.15 -4.91 -0.19 4.21 -7.69 5.83 0.26
2.35 -0.48 -2.00 23.96 5.10 0.37 4.23 6.90 6.65 0.15 -4.92 -0.18 4.21 -7.69 5.83 0.25
2.40 -0.48 -1.98 23.97 5.10 0.37 4.24 6.90 6.65 0.15 -4.93 -0.18 4.20 -7.69 5.83 0.23
2.45 -0.48 -1.96 23.99 5.10 0.37 4.24 6.90 6.65 0.15 -4.94 -0.18 4.20 -7.69 5.84 0.23
2.50 -0.48 -1.96 24.00 5.10 0.37 4.24 6.90 6.65 0.15 -4.94 -0.18 4.20 -7.69 5.84 0.22
2.55 -0.47 -1.97 24.00 5.10 0.37 4.23 6.90 6.65 0.15 -4.93 -0.18 4.20 -7.69 5.84 0.23
2.60 -0.46 -1.97 23.99 5.11 0.37 4.23 6.89 6.65 0.14 -4.93 -0.18 4.20 -7.69 5.84 0.23
2.65 -0.45 -1.96 23.99 5.11 0.37 4.23 6.89 6.65 0.14 -4.92 -0.18 4.20 -7.69 5.84 0.24
2.70 -0.45 -1.94 24.01 5.11 0.37 4.23 6.89 6.65 0.14 -4.92 -0.18 4.21 -7.69 5.84 0.25
2.75 -0.45 -1.93 24.03 5.11 0.37 4.23 6.89 6.65 0.15 -4.91 -0.19 4.21 -7.69 5.84 0.26
2.80 -0.45 -1.92 24.05 5.11 0.37 4.23 6.89 6.65 0.15 -4.90 -0.19 4.21 -7.69 5.84 0.27
2.85 -0.45 -1.90 24.06 5.11 0.37 4.23 6.89 6.65 0.15 -4.90 -0.19 4.21 -7.69 5.84 0.28
2.90 -0.45 -1.89 24.06 5.11 0.36 4.23 6.89 6.65 0.14 -4.90 -0.19 4.21 -7.69 5.84 0.28
2.95 -0.45 -1.89 24.07 5.11 0.36 4.23 6.89 6.65 0.14 -4.89 -0.19 4.21 -7.68 5.84 0.29
3.00 -0.45 -1.88 24.08 5.11 0.36 4.23 6.89 6.65 0.14 -4.89 -0.19 4.21 -7.68 5.84 0.29
3.05 -0.46 -1.88 24.08 5.11 0.36 4.23 6.89 6.65 0.14 -4.88 -0.19 4.21 -7.68 5.84 0.30
3.10 -0.46 -1.87 24.09 5.11 0.36 4.23 6.89 6.65 0.14 -4.87 -0.19 4.21 -7.68 5.84 0.31
3.15 -0.47 -1.86 24.10 5.11 0.36 4.23 6.89 6.65 0.14 -4.87 -0.20 4.22 -7.68 5.84 0.31
3.20 -0.49 -1.84 24.11 5.11 0.36 4.23 6.89 6.65 0.14 -4.88 -0.20 4.22 -7.68 5.84 0.32
3.25 -0.51 -1.82 24.12 5.11 0.36 4.23 6.89 6.65 0.14 -4.87 -0.20 4.22 -7.68 5.84 0.31
3.30 -0.52 -1.81 24.13 5.11 0.36 4.23 6.89 6.65 0.14 -4.87 -0.20 4.21 -7.68 5.84 0.31
3.35 -0.53 -1.80 24.13 5.11 0.36 4.23 6.89 6.65 0.14 -4.87 -0.19 4.21 -7.68 5.84 0.31
3.40 -0.55 -1.80 24.12 5.11 0.36 4.23 6.89 6.65 0.14 -4.87 -0.19 4.21 -7.68 5.84 0.31
3.45 -0.56 -1.80 24.12 5.11 0.36 4.23 6.89 6.65 0.14 -4.87 -0.19 4.21 -7.68 5.84 0.31
3.50 -0.56 -1.80 24.12 5.11 0.36 4.23 6.89 6.65 0.14 -4.86 -0.19 4.21 -7.68 5.84 0.31
3.55 -0.57 -1.81 24.12 5.11 0.37 4.23 6.89 6.65 0.14 -4.86 -0.19 4.21 -7.68 5.84 0.32
3.60 -0.57 -1.82 24.12 5.11 0.37 4.23 6.89 6.65 0.15 -4.86 -0.19 4.21 -7.68 5.84 0.32
3.65 -0.57 -1.85 24.10 5.11 0.37 4.23 6.89 6.65 0.15 -4.86 -0.19 4.21 -7.68 5.84 0.32
3.70 -0.57 -1.88 24.08 5.11 0.37 4.23 6.89 6.65 0.15 -4.85 -0.19 4.21 -7.68 5.84 0.32
3.75 -0.55 -1.91 24.07 5.11 0.37 4.23 6.89 6.65 0.15 -4.85 -0.20 4.21 -7.68 5.84 0.33
3.80 -0.54 -1.94 24.07 5.11 0.36 4.23 6.89 6.65 0.14 -4.85 -0.20 4.21 -7.68 5.84 0.33
3.85 -0.53 -1.96 24.07 5.11 0.36 4.23 6.89 6.65 0.14 -4.85 -0.20 4.21 -7.68 5.84 0.33
3.90 -0.52 -1.98 24.07 5.11 0.36 4.23 6.89 6.65 0.14 -4.85 -0.20 4.21 -7.68 5.84 0.32
3.95 -0.51 -1.99 24.07 5.11 0.36 4.23 6.89 6.65 0.14 -4.87 -0.20 4.21 -7.68 5.84 0.32
4.00 -0.51 -2.00 24.06 5.10 0.37 4.23 6.89 6.65 0.15 -4.89 -0.20 4.21 -7.67 5.84 0.30
4.05 -0.51 -2.02 24.05 5.10 0.37 4.23 6.89 6.65 0.15 -4.91 -0.20 4.21 -7.66 5.85 0.29
4.10 -0.52 -2.04 24.04 5.10 0.37 4.23 6.89 6.65 0.15 -4.92 -0.20 4.21 -7.66 5.85 0.28
4.15 -0.52 -2.05 24.04 5.10 0.37 4.23 6.89 6.65 0.15 -4.92 -0.19 4.21 -7.66 5.85 0.27
4.20 -0.52 -2.05 24.04 5.10 0.37 4.23 6.89 6.65 0.15 -4.93 -0.19 4.21 -7.67 5.85 0.26
4.25 -0.52 -2.06 24.04 5.10 0.37 4.23 6.89 6.65 0.15 -4.93 -0.19 4.21 -7.67 5.85 0.26
4.30 -0.53 -2.06 24.03 5.11 0.37 4.23 6.89 6.65 0.15 -4.93 -0.19 4.21 -7.67 5.84 0.25
4.35 -0.53 -2.06 24.02 5.11 0.36 4.23 6.89 6.65 0.14 -4.93 -0.19 4.21 -7.67 5.84 0.25
4.40 -0.52 -2.05 24.02 5.11 0.36 4.23 6.89 6.65 0.14 -4.93 -0.18 4.20 -7.68 5.84 0.24
4.45 -0.52 -2.05 24.02 5.11 0.36 4.23 6.89 6.65 0.14 -4.93 -0.18 4.20 -7.68 5.84 0.24
4.50 -0.51 -2.05 24.02 5.11 0.36 4.23 6.89 6.65 0.14 -4.92 -0.18 4.20 -7.68 5.84 0.24
4.55 -0.50 -2.05 24.02 5.11 0.36 4.23 6.89 6.65 0.14 -4.92 -0.18 4.20 -7.68 5.84 0.25
4.60 -0.49 -2.06 24.01 5.11 0.36 4.23 6.89 6.65 0.14 -4.91 -0.19 4.21 -7.68 5.84 0.26
4.65 -0.49 -2.07 24.01 5.11 0.36 4.23 6.89 6.65 0.14 -4.91 -0.19 4.21 -7.68 5.84 0.27
4.70 -0.49 -2.07 24.00 5.11 0.36 4.23 6.89 6.65 0.14 -4.91 -0.19 4.21 -7.68 5.84 0.27
4.75 -0.48 -2.07 23.99 5.11 0.36 4.23 6.89 6.65 0.14 -4.91 -0.19 4.21 -7.68 5.84 0.27
4.80 -0.47 -2.07 23.98 5.11 0.36 4.23 6.89 6.65 0.14 -4.91 -0.19 4.21 -7.68 5.84 0.28
4.85 -0.46 -2.07 23.97 5.11 0.36 4.23 6.89 6.65 0.14 -4.92 -0.19 4.22 -7.68 5.84 0.27
4.90 -0.46 -2.06 23.97 5.11 0.36 4.23 6.89 6.65 0.14 -4.93 -0.19 4.21 -7.68 5.84 0.26
4.95 -0.47 -2.05 23.98 5.11 0.36 4.23 6.89 6.65 0.14 -4.93 -0.18 4.21 -7.69 5.84 0.24
5.00 -0.47 -2.04 23.98 5.11 0.37 4.23 6.89 6.65 0.14 -4.94 -0.18 4.20 -7.69 5.83 0.22
5.05 -0.46 -2.02 23.99 5.11 0.37 4.23 6.89 6.65 0.14 -4.94 -0.17 4.21 -7.69 5.83 0.21
5.10 -0.43 -2.00 24.02 5.11 0.36 4.23 6.89 6.65 0.14 -4.94 -0.16 4.21 -7.69 5.83 0.21
5.15 -0.40 -1.99 24.04 5.11 0.36 4.23 6.89 6.65 0.14 -4.94 -0.17 4.21 -7.69 5.83 0.21
5.20 -0.39 -1.98 24.05 5.12 0.36 4.22 6.89 6.65 0.14 -4.95 -0.18 4.20 -7.69 5.83 0.22
5.25 -0.38 -1.98 24.05 5.12 0.36 4.22 6.89 6.65 0.14 -4.94 -0.18 4.21 -7.69 5.83 0.23
5.30 -0.36 -1.98 24.04 5.12 0.36 4.22 6.90 6.65 0.14 -4.93 -0.18 4.21 -7.69 5.83 0.25
5.35 -0.35 -1.98 24.04 5.12 0.36 4.22 6.90 6.65 0.14 -4.92 -0.19 4.21 -7.69 5.83 0.26
5.40 -0.33 -1.97 24.04 5.12 0.36 4.22 6.90 6.65 0.14 -4.92 -0.19 4.21 -7.69 5.84 0.26
5.45 -0.31 -1.96 24.04 5.12 0.36 4.21 6.90 6.65 0.14 -4.92 -0.19 4.21 -7.69 5.84 0.26
5.50 -0.29 -1.95 24.04 5.12 0.35 4.21 6.91 6.65 0.13 -4.92 -0.19 4.21 -7.69 5.84 0.26
5.55 -0.28 -1.96 24.04 5.13 0.35 4.20 6.91 6.65 0.13 -4.92 -0.19 4.21 -7.69 5.84 0.26
5.60 -0.28 -1.97 24.03 5.14 0.35 4.20 6.91 6.65 0.13 -4.92 -0.19 4.21 -7.69 5.84 0.27
5.65 -0.27 -1.97 24.03 5.14 0.35 4.19 6.91 6.65 0.13 -4.92 -0.19 4.22 -7.69 5.84 0.27
5.70 -0.27 -1.96 24.02 5.14 0.35 4.19 6.91 6.65 0.13 -4.93 -0.19 4.22 -7.69 5.84 0.27
5.75 -0.27 -1.96 24.02 5.14 0.35 4.19 6.91 6.65 0.13 -4.93 -0.19 4.22 -7.69 5.84 0.27
5.80 -0.27 -1.97 24.02 5.14 0.35 4.19 6.91 6.65 0.13 -4.93 -0.20 4.22 -7.69 5.84 0.28
5.85 -0.28 -1.98 24.02 5.14 0.35 4.20 6.91 6.65 0.13 -4.94 -0.20 4.23 -7.68 5.84 0.29
5.90 -0.28 -1.98 24.02 5.13 0.35 4.20 6.91 6.65 0.13 -4.95 -0.20 4.23 -7.68 5.84 0.29
5.95 -0.29 -1.99 24.02 5.13 0.35 4.20 6.91 6.65 0.13 -4.96 -0.21 4.24 -7.68 5.84 0.29
6.00 -0.31 -2.00 24.02 5.13 0.35 4.20 6.91 6.65 0.13 -4.96 -0.21 4.24 -7.68 5.84 0.29
6.05 -0.33 -2.00 24.02 5.13 0.35 4.20 6.92 6.64 0.13 -4.95 -0.21 4.23 -7.68 5.84 0.29
6.10 -0.35 -2.00 24.02 5.12 0.35 4.20 6.92 6.64 0.13 -4.94 -0.21 4.23 -7.68 5.84 0.29
6.15 -0.35 -2.00 24.03 5.12 0.35 4.21 6.92 6.64 0.13 -4.94 -0.20 4.23 -7.68 5.84 0.29
6.20 -0.35 -1.99 24.03 5.12 0.36 4.21 6.92 6.64 0.13 -4.94 -0.20 4.23 -7.68 5.84 0.28
6.25 -0.34 -1.98 24.03 5.11 0.36 4.21 6.92 6.64 0.14 -4.95 -0.20 4.23 -7.68 5.84 0.27
6.30 -0.34 -1.96 24.04 5.11 0.36 4.22 6.92 6.64 0.14 -4.96 -0.20 4.22 -7.68 5.84 0.26
6.35 -0.33 -1.96 24.03 5.10 0.36 4.22 6.92 6.64 0.14 -4.96 -0.19 4.22 -7.68 5.84 0.24
6.40 -0.33 -1.96 24.03 5.10 0.37 4.23 6.92 6.64 0.14 -4.96 -0.19 4.21 -7.69 5.84 0.24
6.45 -0.32 -1.96 24.02 5.09 0.37 4.23 6.92 6.64 0.14 -4.96 -0.18 4.21 -7.69 5.84 0.23
6.50 -0.32 -1.96 24.01 5.09 0.37 4.23 6.92 6.64 0.15 -4.95 -0.18 4.21 -7.69 5.84 0.23
6.55 -0.31 -1.96 24.00 5.09 0.37 4.23 6.92 6.64 0.14 -4.95 -0.18 4.21 -7.69 5.84 0.22
6.60 -0.31 -1.96 24.00 5.10 0.37 4.23 6.92 6.64 0.14 -4.95 -0.18 4.21 -7.69 5.84 0.22
6.65 -0.30 -1.96 24.00 5.10 0.36 4.22 6.92 6.64 0.14 -4.95 -0.18 4.21 -7.69 5.84 0.22
6.70 -0.30 -1.95 24.00 5.10 0.36 4.22 6.92 6.64 0.14 -4.95 -0.18 4.21 -7.69 5.84 0.22
6.75 -0.29 -1.95 24.00 5.11 0.36 4.22 6.92 6.64 0.14 -4.95 -0.18 4.21 -7.69 5.84 0.22
6.80 -0.28 -1.96 24.00 5.11 0.36 4.21 6.92 6.64 0.14 -4.95 -0.18 4.21 -7.69 5.83 0.22
6.85 -0.25 -1.97 24.00 5.12 0.36 4.21 6.92 6.64 0.13 -4.94 -0.18 4.21 -7.69 5.83 0.23
6.90 -0.23 -1.97 24.00 5.12 0.35 4.20 6.92 6.64 0.13 -4.93 -0.18 4.21 -7.69 5.83 0.24
6.95 -0.20 -1.96 24.00 5.13 0.35 4.20 6.92 6.64 0.13 -4.93 -0.18 4.21 -7.69 5.83 0.24
7.00 -0.18 -1.94 23.99 5.13 0.35 4.20 6.92 6.64 0.13 -4.93 -0.18 4.21 -7.69 5.83 0.25
7.05 -0.16 -1.93 23.99 5.13 0.35 4.20 6.92 6.64 0.13 -4.93 -0.18 4.21 -7.69 5.83 0.25
7.10 -0.15 -1.92 24.00 5.13 0.35 4.20 6.92 6.64 0.13 -4.92 -0.18 4.21 -7.69 5.83 0.24
7.15 -0.14 -1.91 23.99 5.13 0.35 4.20 6.92 6.64 0.13 -4.92 -0.18 4.21 -7.69 5.83 0.24
7.20 -0.12 -1.90 23.99 5.13 0.35 4.20 6.92 6.64 0.13 -4.92 -0.18 4.21 -7.69 5.83 0.24
7.25 -0.11 -1.88 23.97 5.13 0.35 4.20 6.92 6.64 0.13 -4.92 -0.18 4.20 -7.69 5.83 0.24
7.30 -0.09 -1.87 23.95 5.14 0.35 4.19 6.92 6.64 0.13 -4.92 -0.18 4.20 -7.69 5.83 0.24
7.35 -0.06 -1.86 23.95 5.14 0.35 4.20 6.92 6.65 0.13 -4.93 -0.18 4.20 -7.69 5.83 0.24
7.40 -0.04 -1.84 23.95 5.13 0.35 4.20 6.92 6.65 0.13 -4.93 -0.18 4.21 -7.69 5.83 0.24
7.45 -0.02 -1.84 23.95 5.13 0.35 4.20 6.92 6.64 0.13 -4.93 -0.19 4.21 -7.69 5.83 0.25
7.50 -0.00 -1.83 23.95 5.14 0.35 4.19 6.92 6.65 0.12 -4.93 -0.19 4.21 -7.69 5.83 0.26
7.55 0.02 -1.83 23.95 5.15 0.34 4.19 6.92 6.65 0.12 -4.93 -0.19 4.21 -7.69 5.83 0.25
7.60 0.03 -1.81 23.96 5.15 0.34 4.18 6.91 6.65 0.12 -4.93 -0.19 4.21 -7.69 5.83 0.25
7.65 0.06 -1.80 23.97 5.16 0.34 4.18 6.91 6.65 0.12 -4.94 -0.19 4.21 -7.69 5.84 0.24
7.70 0.09 -1.79 23.98 5.16 0.34 4.18 6.91 6.65 0.12 -4.96 -0.19 4.21 -7.68 5.84 0.24
7.75 0.13 -1.78 23.99 5.16 0.34 4.17 6.91 6.65 0.11 -4.97 -0.19 4.21 -7.67 5.84 0.23
7.80 0.17 -1.78 24.00 5.16 0.33 4.17 6.91 6.65 0.11 -4.97 -0.19 4.21 -7.67 5.84 0.23
7.85 0.21 -1.77 24.00 5.16 0.33 4.17 6.91 6.65 0.11 -4.96 -0.19 4.21 -7.67 5.84 0.23
7.90 0.26 -1.76 24.01 5.16 0.34 4.18 6.91 6.65 0.12 -4.97 -0.19 4.21 -7.67 5.84 0.23
7.95 0.30 -1.75 24.02 5.16 0.34 4.18 6.90 6.65 0.12 -4.97 -0.19 4.21 -7.67 5.84 0.23
8.00 0.34 -1.74 24.03 5.16 0.34 4.19 6.89 6.65 0.12 -4.97 -0.19 4.21 -7.67 5.84 0.23
8.05 0.38 -1.72 24.04 5.15 0.34 4.19 6.90 6.65 0.12 -4.97 -0.19 4.21 -7.67 5.84 0.23
8.10 0.45 -1.71 24.04 5.14 0.35 4.19 6.91 6.65 0.12 -4.96 -0.19 4.21 -7.67 5.84 0.23
8.15 0.52 -1.69 24.04 5.13 0.35 4.20 6.91 6.65 0.13 -4.96 -0.19 4.21 -7.68 5.84 0.23
8.20 0.59 -1.67 24.03 5.12 0.35 4.20 6.92 6.64 0.13 -4.96 -0.19 4.21 -7.68 5.84 0.23
8.25 0.66 -1.65 24.01 5.11 0.36 4.21 6.92 6.64 0.13 -4.96 -0.19 4.21 -7.67 5.84 0.23
8.30 0.75 -1.64 24.00 5.10 0.36 4.22 6.92 6.64 0.14 -4.96 -0.19 4.21 -7.67 5.84 0.23
8.35 0.83 -1.62 24.00 5.09 0.37 4.23 6.92 6.64 0.15 -4.96 -0.19 4.21 -7.67 5.84 0.23
8.40 0.91 -1.62 23.99 5.07 0.38 4.24 6.92 6.64 0.15 -4.96 -0.19 4.21 -7.67 5.84 0.23
8.45 0.99 -1.61 23.99 5.07 0.38 4.24 6.92 6.64 0.15 -4.96 -0.19 4.21 -7.67 5.84 0.23
8.50 1.06 -1.61 24.00 5.07 0.38 4.24 6.92 6.64 0.15 -4.95 -0.18 4.21 -7.67 5.84 0.23
8.55 1.12 -1.60 24.01 5.07 0.38 4.25 6.92 6.64 0.15 -4.95 -0.18 4.21 -7.67 5.84 0.23
8.60 1.17 -1.60 24.02 5.06 0.38 4.25 6.92 6.64 0.16 -4.95 -0.18 4.21 -7.67 5.84 0.22
8.65 1.22 -1.61 24.02 5.06 0.38 4.25 6.91 6.64 0.16 -4.95 -0.18 4.21 -7.67 5.84 0.22
8.70 1.27 -1.60 24.02 5.07 0.38 4.25 6.91 6.64 0.15 -4.95 -0.18 4.21 -7.67 5.84 0.22
8.75 1.30 -1.59 24.02 5.07 0.38 4.24 6.91 6.64 0.15 -4.95 -0.18 4.21 -7.67 5.84 0.22
8.80 1.33 -1.58 24.02 5.08 0.37 4.24 6.91 6.64 0.15 -4.95 -0.18 4.21 -7.67 5.84 0.22
8.85 1.36 -1.56 24.02 5.09 0.37 4.23 6.91 6.64 0.15 -4.95 -0.18 4.21 -7.67 5.84 0.23
8.90 1.38 -1.55 24.03 5.10 0.36 4.22 6.91 6.64 0.14 -4.95 -0.18 4.21 -7.67 5.84 0.23
8.95 1.39 -1.54 24.03 5.10 0.36 4.22 6.91 6.64 0.14 -4.94 -0.18 4.21 -7.68 5.84 0.22
9.00 1.41 -1.54 24.02 5.10 0.36 4.22 6.91 6.64 0.14 -4.94 -0.18 4.21 -7.68 5.84 0.22
9.05 1.43 -1.54 24.02 5.10 0.37 4.22 6.91 6.64 0.14 -4.95 -0.18 4.21 -7.68 5.84 0.23
9.10 1.44 -1.54 24.02 5.10 0.37 4.23 6.91 6.64 0.14 -4.95 -0.19 4.21 -7.68 5.84 0.24
9.15 1.46 -1.53 24.02 5.10 0.37 4.23 6.91 6.64 0.14 -4.95 -0.19 4.22 -7.69 5.83 0.25
9.20 1.49 -1.53 24.03 5.10 0.37 4.22 6.91 6.64 0.14 -4.95 -0.19 4.22 -7.69 5.83 0.25
9.25 1.50 -1.52 24.03 5.11 0.36 4.22 6.91 6.65 0.14 -4.95 -0.19 4.22 -7.69 5.83 0.25
9.30 1.51 -1.52 24.02 5.12 0.36 4.21 6.90 6.65 0.14 -4.95 -0.19 4.22 -7.69 5.83 0.25
9.35 1.51 -1.52 24.01 5.12 0.35 4.21 6.90 6.65 0.13 -4.95 -0.19 4.22 -7.69 5.83 0.25
9.40 1.51 -1.53 24.01 5.12 0.35 4.21 6.90 6.65 0.13 -4.96 -0.19 4.22 -7.69 5.84 0.24
9.45 1.51 -1.54 24.00 5.12 0.35 4.21 6.90 6.65 0.13 -4.96 -0.19 4.21 -7.68 5.84 0.23
9.50 1.51 -1.57 24.00 5.13 0.35 4.20 6.90 6.65 0.13 -4.96 -0.19 4.21 -7.68 5.84 0.23
9.55 1.50 -1.60 23.99 5.13 0.35 4.20 6.91 6.65 0.13 -4.95 -0.18 4.21 -7.68 5.84 0.23
9.60 1.50 -1.63 23.99 5.14 0.34 4.19 6.91 6.65 0.12 -4.95 -0.18 4.21 -7.68 5.84 0.23
9.65 1.49 -1.65 23.99 5.15 0.34 4.18 6.91 6.65 0.12 -4.95 -0.18 4.21 -7.68 5.84 0.23
9.70 1.49 -1.68 23.98 5.15 0.34 4.18 6.91 6.65 0.12 -4.95 -0.19 4.21 -7.67 5.84 0.23
9.75 1.50 -1.72 23.97 5.16 0.33 4.17 6.91 6.65 0.11 -4.95 -0.19 4.21 -7.67 5.84 0.24
9.80 1.49 -1.76 23.97 5.17 0.33 4.16 6.91 6.65 0.11 -4.94 -0.19 4.21 -7.68 5.84 0.24
9.85 1.48 -1.78 23.98 5.18 0.33 4.16 6.91 6.65 0.10 -4.94 -0.19 4.21 -7.68 5.84 0.24
9.90 1.46 -1.80 23.99 5.19 0.32 4.15 6.92 6.65 0.10 -4.94 -0.19 4.21 -7.68 5.84 0.25
9.95 1.44 -1.81 23.99 5.19 0.32 4.15 6.92 6.65 0.10 -4.95 -0.20 4.22 -7.67 5.84 0.26
10.00 1.41 -1.82 23.99 5.19 0.32 4.15 6.92 6.65 0.10 -4.96 -0.20 4.22 -7.67 5.84 0.27
10.05 1.39 -1.83 24.00 5.20 0.32 4.14 6.91 6.65 0.10 -4.96 -0.20 4.23 -7.67 5.84 0.27
10.10 1.37 -1.83 24.01 5.20 0.32 4.14 6.91 6.65 0.10 -4.96 -0.20 4.23 -7.67 5.84 0.28
10.15 1.36 -1.84 24.01 5.21 0.31 4.14 6.91 6.65 0.10 -4.96 -0.21 4.23 -7.67 5.84 0.28
10.20 1.34 -1.85 24.02 5.21 0.31 4.14 6.90 6.65 0.09 -4.96 -0.21 4.23 -7.67 5.85 0.28
10.25 1.32 -1.86 24.01 5.22 0.31 4.13 6.90 6.65 0.09 -4.97 -0.21 4.24 -7.67 5.85 0.29
10.30 1.31 -1.87 24.01 5.22 0.31 4.13 6.90 6.65 0.09 -4.98 -0.22 4.24 -7.67 5.85 0.30
10.35 1.29 -1.88 24.01 5.22 0.31 4.13 6.90 6.65 0.09 -4.98 -0.22 4.25 -7.66 5.85 0.30
10.40 1.28 -1.89 24.01 5.22 0.31 4.13 6.90 6.65 0.09 -4.98 -0.22 4.25 -7.66 5.85 0.30
10.45 1.26 -1.91 24.01 5.22 0.31 4.13 6.90 6.65 0.09 -4.98 -0.22 4.24 -7.66 5.85 0.30
10.50 1.24 -1.92 24.01 5.22 0.31 4.13 6.90 6.65 0.09 -4.98 -0.21 4.24 -7.66 5.85 0.29
10.55 1.23 -1.94 24.00 5.22 0.31 4.13 6.90 6.65 0.09 -4.98 -0.21 4.24 -7.66 5.85 0.29
10.60 1.22 -1.96 23.99 5.22 0.31 4.13 6.90 6.65 0.09 -4.98 -0.21 4.24 -7.66 5.85 0.29
10.65 1.21 -1.98 23.98 5.23 0.30 4.12 6.90 6.65 0.09 -4.98 -0.21 4.24 -7.66 5.85 0.29
10.70 1.20 -2.00 23.98 5.23 0.30 4.12 6.90 6.65 0.09 -4.98 -0.21 4.24 -7.66 5.85 0.29
10.75 1.19 -2.02 23.97 5.22 0.30 4.12 6.91 6.65 0.08 -4.97 -0.21 4.24 -7.66 5.85 0.29
10.80 1.17 -2.04 23.97 5.22 0.30 4.11 6.93 6.64 0.08 -4.97 -0.21 4.23 -7.66 5.85 0.29
10.85 1.15 -2.06 23.97 5.21 0.30 4.11 6.93 6.64 0.08 -4.96 -0.21 4.23 -7.66 5.85 0.29
10.90 1.13 -2.08 23.96 5.21 0.31 4.12 6.93 6.64 0.08 -4.95 -0.21 4.23 -7.66 5.85 0.28
10.95 1.10 -2.10 23.95 5.21 0.31 4.12 6.92 6.65 0.09 -4.94 -0.20 4.22 -7.67 5.85 0.28
11.00 1.08 -2.12 23.94 5.22 0.31 4.12 6.91 6.65 0.09 -4.93 -0.20 4.22 -7.67 5.85 0.28
11.05 1.05 -2.13 23.94 5.22 0.31 4.12 6.91 6.65 0.09 -4.93 -0.20 4.22 -7.67 5.85 0.28
11.10 1.02 -2.13 23.93 5.21 0.31 4.13 6.91 6.65 0.09 -4.93 -0.20 4.22 -7.67 5.85 0.28
11.15 0.97 -2.15 23.92 5.20 0.31 4.13 6.91 6.65 0.09 -4.93 -0.20 4.22 -7.67 5.85 0.28
11.20 0.93 -2.16 23.92 5.19 0.32 4.14 6.92 6.65 0.10 -4.93 -0.20 4.22 -7.67 5.85 0.28
11.25 0.88 -2.17 23.91 5.18 0.32 4.15 6.92 6.64 0.10 -4.93 -0.20 4.22 -7.67 5.85 0.28
11.30 0.82 -2.18 23.91 5.18 0.32 4.15 6.92 6.64 0.10 -4.92 -0.20 4.22 -7.67 5.85 0.28
11.35 0.76 -2.20 23.91 5.18 0.32 4.15 6.92 6.64 0.10 -4.92 -0.20 4.22 -7.67 5.84 0.29
11.40 0.70 -2.20 23.90 5.18 0.32 4.15 6.92 6.64 0.10 -4.92 -0.20 4.22 -7.67 5.84 0.29
11.45 0.65 -2.20 23.90 5.17 0.33 4.15 6.92 6.64 0.10 -4.92 -0.20 4.23 -7.67 5.84 0.30
11.50 0.61 -2.19 23.91 5.17 0.33 4.16 6.92 6.64 0.11 -4.92 -0.20 4.23 -7.68 5.84 0.31
11.55 0.56 -2.20 23.91 5.17 0.33 4.16 6.92 6.64 0.11 -4.92 -0.21 4.23 -7.68 5.84 0.32
11.60 0.51 -2.20 23.91 5.17 0.33 4.16 6.92 6.64 0.11 -4.92 -0.21 4.24 -7.68 5.84 0.33
11.65 0.46 -2.21 23.91 5.17 0.33 4.16 6.92 6.64 0.11 -4.92 -0.21 4.24 -7.68 5.84 0.33
11.70 0.41 -2.21 23.89 5.17 0.33 4.16 6.92 6.64 0.11 -4.92 -0.21 4.24 -7.68 5.84 0.33
11.75 0.37 -2.22 23.88 5.17 0.33 4.16 6.92 6.64 0.11 -4.92 -0.21 4.24 -7.68 5.84 0.33
11.80 0.32 -2.23 23.87 5.17 0.33 4.16 6.92 6.64 0.11 -4.92 -0.21 4.24 -7.68 5.84 0.33
11.85 0.27 -2.23 23.86 5.16 0.33 4.16 6.92 6.64 0.11 -4.92 -0.21 4.24 -7.68 5.84 0.33
11.90 0.22 -2.23 23.86 5.16 0.33 4.17 6.92 6.64 0.11 -4.92 -0.21 4.24 -7.68 5.84 0.33
11.95 0.16 -2.26 23.85 5.15 0.34 4.18 6.93 6.64 0.12 -4.91 -0.21 4.24 -7.68 5.84 0.33
12.00 0.10 -2.32 23.85 5.14 0.34 4.19 6.93 6.64 0.12 -4.90 -0.21 4.23 -7.68 5.84 0.33
12.05 0.06 -2.37 23.84 5.13 0.35 4.19 6.93 6.64 0.12 -4.89 -0.21 4.23 -7.68 5.84 0.33
12.10 0.03 -2.42 23.83 5.14 0.35 4.19 6.93 6.64 0.12 -4.88 -0.20 4.23 -7.68 5.84 0.33
12.15 0.01 -2.47 23.82 5.14 0.34 4.19 6.93 6.64 0.12 -4.88 -0.20 4.23 -7.68 5.84 0.33
